#TimeStamp;Bot;Pod;InputStation;TurnoverTime;ThroughputTime
30.61;7;291;0;30.61;30.56
40.65;7;291;0;40.65;40.61
44.79;2;30;1;44.79;44.75
50.67;7;291;0;50.67;50.63
54.84;2;30;1;54.84;54.79
58.87;15;62;2;58.87;58.82
60.72;7;291;0;60.72;60.67
64.84;2;30;1;64.84;64.79
68.91;15;62;2;68.91;68.87
70.73;7;291;0;70.73;70.68
74.88;2;30;1;74.88;74.84
78.94;15;62;2;78.94;78.89
80.74;7;291;0;80.74;80.7
84.92;2;30;1;84.92;84.88
88.98;15;62;2;88.98;88.94
90.77;7;291;0;90.77;90.73
94.97;2;30;1;94.97;94.92
99.03;15;62;2;99.03;98.98
100.8;7;291;0;100.8;100.76
105.01;2;30;1;105.01;104.97
109.04;15;62;2;109.04;108.99
110.82;7;291;0;110.82;110.77
115.06;2;30;1;115.06;115.01
119.04;15;62;2;119.04;119
120.86;7;291;0;120.86;120.82
125.1;2;30;1;125.1;125.06
129.08;15;62;2;129.08;129.04
130.91;7;291;0;130.91;130.86
135.14;2;30;1;135.14;135.09
139.13;15;62;2;139.13;139.08
145.18;2;30;1;145.18;145.14
145.23;24;102;0;145.23;145.18
153.91;0;107;2;153.91;153.86
155.35;24;102;0;155.35;155.31
160.86;4;293;1;160.86;160.82
163.97;0;107;2;163.97;163.93
165.36;24;102;0;165.36;165.31
170.91;4;293;1;170.91;170.86
174.02;0;107;2;174.02;173.97
175.4;24;102;0;175.4;175.36
180.95;4;293;1;180.95;180.91
184.06;0;107;2;184.06;184.02
185.45;24;102;0;185.45;185.4
190.99;4;293;1;190.99;190.94
194.11;0;107;2;194.11;194.06
195.49;24;102;0;195.49;195.45
201.03;4;293;1;201.03;200.98
204.11;0;107;2;204.11;204.07
205.54;24;102;0;205.54;205.49
211.03;4;293;1;211.03;210.99
214.15;0;107;2;214.15;214.1
215.58;24;102;0;215.58;215.54
221.07;4;293;1;221.07;221.03
224.19;0;107;2;224.19;224.15
225.61;24;102;0;225.61;225.57
231.11;4;293;1;231.11;231.07
234.19;0;107;2;234.19;234.15
235.62;24;102;0;235.62;235.58
241.16;4;293;1;241.16;241.11
244.24;0;107;2;244.24;244.19
250.07;44;104;0;250.07;219.42
251.2;4;293;1;251.2;251.16
254.28;0;107;2;254.28;254.24
260.16;44;104;0;260.16;229.51
266.35;26;72;1;266.35;201.47
269.05;17;81;2;269.05;190.07
270.21;44;104;0;270.21;239.55
276.39;26;72;1;276.39;211.51
279.07;17;81;2;279.07;200.09
280.25;44;104;0;280.25;249.6
286.43;26;72;1;286.43;221.56
289.12;17;81;2;289.12;210.13
290.29;44;104;0;290.29;259.64
296.47;26;72;1;296.47;231.59
299.16;17;81;2;299.16;220.18
300.34;44;104;0;300.34;269.68
306.51;26;72;1;306.51;241.63
309.21;17;81;2;309.21;230.22
310.38;44;104;0;310.38;279.73
316.53;26;72;1;316.53;251.65
319.25;17;81;2;319.25;240.27
324.6;37;5;0;324.6;179.25
326.57;26;72;1;326.57;261.69
329.27;17;81;2;329.27;250.29
334.65;37;5;0;334.65;189.3
336.62;26;72;1;336.62;271.74
339.32;17;81;2;339.32;260.34
344.69;37;5;0;344.69;199.34
349.36;17;81;2;349.36;270.38
351.32;22;285;1;351.32;190.38
354.7;37;5;0;354.7;209.35
359.41;17;81;2;359.41;280.42
361.41;22;285;1;361.41;200.47
364.74;37;5;0;364.74;219.39
369.45;17;81;2;369.45;290.47
371.42;22;285;1;371.42;210.48
374.75;37;5;0;374.75;229.4
381.47;22;285;1;381.47;220.53
384.31;34;176;2;384.31;230.33
384.8;37;5;0;384.8;239.45
391.51;22;285;1;391.51;230.57
394.61;34;176;2;394.61;240.63
394.84;37;5;0;394.84;249.49
401.56;22;285;1;401.56;240.62
404.65;34;176;2;404.65;250.68
404.86;37;5;0;404.86;259.51
411.57;22;285;1;411.57;250.63
414.69;34;176;2;414.69;260.72
420.12;7;202;0;420.12;184.45
421.61;22;285;1;421.61;260.66
424.71;34;176;2;424.71;270.74
430.21;7;202;0;430.21;194.55
434.75;34;176;2;434.75;280.77
435.92;30;236;1;435.92;200.25
440.22;7;202;0;440.22;204.55
444.76;34;176;2;444.76;290.79
445.96;30;236;1;445.96;210.3
450.26;7;202;0;450.26;214.6
454.81;34;176;2;454.81;300.83
456.01;30;236;1;456.01;220.34
460.31;7;202;0;460.31;224.64
464.85;34;176;2;464.85;310.88
466.05;30;236;1;466.05;230.38
470.32;7;202;0;470.32;234.65
476.1;30;236;1;476.1;240.43
479.1;15;23;2;479.1;224.78
480.35;7;202;0;480.35;244.68
486.14;30;236;1;486.14;250.47
489.11;15;23;2;489.11;234.78
490.38;7;202;0;490.38;254.72
496.17;30;236;1;496.17;260.51
499.14;15;23;2;499.14;244.81
500.43;7;202;0;500.43;264.76
509.18;15;23;2;509.18;254.86
511.51;2;65;1;511.51;194.93
514.77;25;57;0;514.77;139.97
519.23;15;23;2;519.23;264.9
521.55;2;65;1;521.55;204.98
524.82;25;57;0;524.82;150.02
529.27;15;23;2;529.27;274.95
531.6;2;65;1;531.6;215.02
534.86;25;57;0;534.86;160.06
539.29;15;23;2;539.29;284.97
541.64;2;65;1;541.64;225.07
544.91;25;57;0;544.91;170.11
549.34;15;23;2;549.34;295.01
551.67;2;65;1;551.67;235.09
554.92;25;57;0;554.92;180.12
561.71;2;65;1;561.71;245.14
563.83;0;64;2;563.83;204.38
564.96;25;57;0;564.96;190.16
571.74;2;65;1;571.74;255.16
573.87;0;64;2;573.87;214.42
575.01;25;57;0;575.01;200.21
581.78;2;65;1;581.78;265.21
583.92;0;64;2;583.92;224.47
585.02;25;57;0;585.02;210.22
593.96;0;64;2;593.96;234.51
595.03;25;57;0;595.03;220.23
596.05;4;288;1;596.05;204.49
604.01;0;64;2;604.01;244.56
606.08;4;288;1;606.08;214.52
610.32;44;287;0;610.32;139.96
614.03;0;64;2;614.03;254.58
616.1;4;288;1;616.1;224.55
620.46;44;287;0;620.46;150.1
624.07;0;64;2;624.07;264.62
626.15;4;288;1;626.15;234.59
630.48;44;287;0;630.48;160.11
636.16;4;288;1;636.16;244.6
638.53;41;4;2;638.53;183.67
640.52;44;287;0;640.52;170.15
646.19;4;288;1;646.19;254.64
648.91;41;4;2;648.91;194.05
650.56;44;287;0;650.56;180.2
656.2;4;288;1;656.2;264.64
658.95;41;4;2;658.95;204.1
660.58;44;287;0;660.58;190.22
666.25;4;288;1;666.25;274.69
669;41;4;2;669;214.14
670.59;44;287;0;670.59;200.23
679.04;41;4;2;679.04;224.19
680.62;44;287;0;680.62;210.26
680.67;22;179;1;680.67;204.53
689.08;41;4;2;689.08;234.22
690.67;44;287;0;690.67;220.3
691.04;22;179;1;691.04;214.9
699.12;41;4;2;699.12;244.27
700.7;44;287;0;700.7;230.34
701.09;22;179;1;701.09;224.95
711.13;22;179;1;711.13;234.99
713.37;17;125;2;713.32;174.03
715.41;37;11;0;715.41;415.03
721.17;22;179;1;721.17;245.03
723.69;17;125;2;723.65;184.35
725.72;37;11;0;725.72;425.34
731.2;22;179;1;731.2;255.06
733.74;17;125;2;733.69;194.4
735.76;37;11;0;735.76;435.38
741.23;22;179;1;741.23;265.09
743.75;17;125;2;743.7;204.41
745.81;37;11;0;745.81;445.43
753.76;17;125;2;753.72;214.43
755.85;37;11;0;755.85;455.47
756.2;30;268;1;756.15;194.44
763.81;17;125;2;763.76;224.47
765.9;37;11;0;765.9;465.52
766.25;30;268;1;766.2;204.49
773.85;17;125;2;773.81;234.52
776.28;30;268;1;776.23;214.52
780.2;7;231;0;780.16;225.24
786.28;30;268;1;786.24;224.52
788.29;15;7;2;788.25;184.24
790.25;7;231;0;790.2;235.29
796.32;30;268;1;796.28;234.57
798.33;15;7;2;798.29;194.28
800.29;7;231;0;800.25;245.33
806.37;30;268;1;806.32;244.61
808.37;15;7;2;808.33;204.32
810.34;7;231;0;810.29;255.37
816.41;30;268;1;816.37;254.65
818.42;15;7;2;818.37;214.37
820.38;7;231;0;820.34;265.42
828.46;15;7;2;828.42;224.41
830.39;7;231;0;830.35;275.43
830.69;26;122;1;830.64;214.54
838.51;15;7;2;838.46;234.45
840.44;7;231;0;840.39;285.47
840.7;26;122;1;840.65;224.55
848.52;15;7;2;848.47;244.47
850.48;7;231;0;850.44;295.52
850.74;26;122;1;850.7;234.59
860.53;7;231;0;860.48;305.56
860.79;26;122;1;860.74;244.64
863.18;0;263;2;863.13;184.09
870.83;26;122;1;870.79;254.68
873.22;0;263;2;873.18;194.14
874.99;24;215;0;874.94;234.43
880.87;26;122;1;880.83;264.73
883.27;0;263;2;883.22;204.18
885.22;24;215;0;885.18;244.66
893.31;0;263;2;893.27;214.23
895.23;24;215;0;895.18;254.67
895.27;2;169;1;895.23;194.14
903.35;0;263;2;903.3;224.26
905.27;24;215;0;905.23;264.71
905.32;2;169;1;905.27;204.19
913.39;0;263;2;913.35;234.31
915.28;24;215;0;915.23;274.72
915.32;2;169;1;915.28;214.19
923.44;0;263;2;923.39;244.35
925.3;24;215;0;925.26;284.74
925.34;2;169;1;925.3;224.21
935.34;24;215;0;935.3;294.78
935.39;2;169;1;935.34;234.26
937.82;41;149;2;907.16;191.96
945.42;2;169;1;945.37;244.29
948.06;41;149;2;917.41;202.21
949.74;25;292;0;949.7;203.89
955.44;2;169;1;955.4;254.31
958.1;41;149;2;927.45;212.25
959.94;25;292;0;959.9;214.09
968.11;41;149;2;937.46;222.26
969.99;25;292;0;969.94;224.14
970.7;4;330;1;905.82;204.41
978.16;41;149;2;947.5;232.3
980.03;25;292;0;979.99;234.18
980.74;4;330;1;915.87;214.45
988.19;41;149;2;923.31;242.34
990.08;25;292;0;990.03;244.23
990.76;4;330;1;925.88;224.47
998.24;41;149;2;933.36;252.38
1000.09;25;292;0;969.44;254.24
1000.8;4;330;1;935.92;234.5
1010.13;25;292;0;979.48;264.28
1012.26;17;63;2;933.28;183.76
1015.34;22;197;1;869.99;186.83
1022.61;17;63;2;957.73;194.1
1024.53;37;133;0;879.18;196.03
1025.74;22;197;1;946.76;197.23
1032.61;17;63;2;967.73;204.11
1034.65;37;133;0;889.3;206.14
1035.78;22;197;1;956.8;207.28
1042.66;17;63;2;963.68;214.15
1044.69;37;133;0;899.34;216.18
1045.83;22;197;1;966.85;217.32
1052.7;17;63;2;973.72;224.2
1054.73;37;133;0;909.38;226.23
1055.85;22;197;1;976.87;227.35
1062.75;17;63;2;983.76;234.24
1064.78;37;133;0;919.43;236.27
1065.9;22;197;1;986.91;237.39
1072.79;17;63;2;993.81;244.28
1074.82;37;133;0;929.47;246.32
1075.94;22;197;1;996.96;247.44
1087.31;15;247;2;926.36;193.95
1088.98;7;241;0;935;203.71
1090.31;30;189;1;929.36;194.95
1097.33;15;247;2;943.36;203.97
1099.33;7;241;0;953.98;214.06
1100.57;30;189;1;939.63;205.21
1107.36;15;247;2;953.39;214
1109.37;7;241;0;964.02;224.1
1110.61;30;189;1;949.67;215.25
1117.4;15;247;2;963.43;224.05
1119.38;7;241;0;965.4;234.11
1120.66;30;189;1;959.71;225.3
1127.45;15;247;2;973.47;234.09
1129.42;7;241;0;975.45;244.16
1130.69;30;189;1;969.74;235.33
1137.49;15;247;2;983.52;244.13
1140.73;30;189;1;979.79;245.37
1144.32;44;243;0;908.66;194.38
1147.54;15;247;2;993.56;254.18
1150.78;30;189;1;989.83;255.42
1154.54;44;243;0;918.88;204.6
1162.67;34;237;2;908.35;204.52
1164.59;44;243;0;928.92;214.64
1165.25;26;18;1;929.59;215.31
1172.85;34;237;2;937.19;214.7
1174.63;44;243;0;938.97;224.69
1175.3;26;18;1;939.63;225.35
1182.89;34;237;2;947.22;224.74
1184.68;44;243;0;949.01;234.73
1185.34;26;18;1;949.68;235.4
1192.93;34;237;2;957.26;234.78
1194.72;44;243;0;959.05;244.78
1195.35;26;18;1;959.68;245.4
1202.97;34;237;2;948.65;244.82
1204.76;44;243;0;969.1;254.82
1205.37;26;18;1;969.7;255.42
1213.01;34;237;2;958.68;254.86
1215.41;26;18;1;979.74;265.46
1220.12;24;274;0;860.67;185.43
1228.64;0;318;2;928.26;195.98
1229.97;2;120;1;975.64;229.13
1230.13;24;274;0;870.68;195.44
1238.67;0;318;2;938.29;206.02
1240.09;2;120;1;985.76;239.25
1240.18;24;274;0;923.6;205.49
1248.72;0;318;2;948.34;216.06
1250.1;2;120;1;995.77;249.25
1250.22;24;274;0;933.65;215.53
1258.76;0;318;2;942.19;226.1
1260.14;2;120;1;1005.82;259.3
1260.23;24;274;0;943.66;225.54
1268.81;0;318;2;952.23;236.15
1270.15;2;120;1;1015.83;269.31
1270.26;24;274;0;953.69;235.57
1280.2;2;120;1;979.82;279.36
1280.31;24;274;0;963.73;245.62
1284.15;41;252;2;909.35;186.78
1290.24;2;120;1;989.86;289.4
1290.33;24;274;0;973.76;255.64
1294.2;41;252;2;919.4;196.82
1300.28;2;120;1;999.9;299.44
1304.22;41;252;2;929.42;206.85
1304.8;25;151;0;930;207.43
1314.25;41;252;2;939.46;216.88
1314.85;25;151;0;940.05;217.47
1315.4;4;1;1;940.6;224.8
1324.3;41;252;2;949.5;226.92
1324.89;25;151;0;950.09;227.52
1325.66;4;1;1;966.21;235.06
1334.9;25;151;0;943.35;237.53
1335.7;4;1;1;976.25;245.1
1339.35;17;280;2;884.5;166.46
1344.91;25;151;0;953.36;247.54
1345.75;4;1;1;986.29;255.15
1349.57;17;280;2;894.72;176.68
1355.75;4;1;1;996.3;265.15
1359.5;37;117;0;967.95;204.92
1359.59;17;280;2;904.74;186.7
1365.79;4;1;1;1006.34;275.19
1369.55;37;117;0;977.99;214.96
1369.64;17;280;2;914.78;196.74
1379.59;37;117;0;988.04;225.01
1379.68;17;280;2;924.83;206.78
1380;22;317;1;909.64;207.1
1389.64;37;117;0;998.08;235.05
1389.73;17;280;2;934.87;216.83
1390.04;22;317;1;919.68;217.14
1399.65;37;117;0;1008.09;245.06
1399.77;17;280;2;944.92;226.87
1400.06;22;317;1;929.7;227.17
1409.69;37;117;0;1018.14;255.11
1410.08;22;317;1;939.71;237.18
1414.65;15;200;2;859.69;175.93
1420.09;22;317;1;949.73;247.19
1424.6;7;201;0;948.46;194.42
1424.69;15;200;2;885.36;185.98
1430.13;22;317;1;959.77;257.24
1434.65;7;201;0;958.51;204.47
1434.74;15;200;2;895.4;196.02
1440.18;22;317;1;969.81;267.28
1444.69;7;201;0;968.55;214.51
1444.78;15;200;2;905.44;206.06
1450.22;22;317;1;979.86;277.33
1454.72;7;201;0;984.36;224.54
1454.83;15;200;2;915.49;216.11
1464.76;7;201;0;994.4;234.59
1464.85;15;200;2;988.71;226.14
1465.22;26;290;1;910.26;226.5
1474.81;7;201;0;998.67;244.63
1474.9;15;200;2;935.56;236.18
1475.27;26;290;1;920.3;236.55
1484.85;7;201;0;1008.71;254.68
1484.94;15;200;2;945.61;246.22
1485.31;26;290;1;930.35;246.59
1494.9;7;201;0;1018.76;264.72
1494.99;15;200;2;955.65;256.27
1495.36;26;290;1;940.39;256.64
1505.4;26;290;1;950.44;266.68
1509.06;44;262;0;947.31;218.69
1510.35;34;103;2;906.3;216.11
1515.41;26;290;1;960.45;276.69
1519.24;44;262;0;957.49;228.87
1520.4;34;103;2;916.35;226.16
1525.46;26;290;1;970.49;286.74
1529.27;44;262;0;967.51;238.9
1530.44;34;103;2;968.69;236.2
1535.5;26;290;1;980.54;296.78
1539.31;44;262;0;977.55;248.94
1540.45;34;103;2;978.7;246.21
1549.33;44;262;0;987.58;258.96
1549.95;30;92;1;933.8;234.29
1550.48;34;103;2;946.43;256.24
1560.35;30;92;1;944.2;244.69
1560.53;34;103;2;956.48;266.29
1563.53;24;60;0;922.97;218.57
1570.4;30;92;1;954.25;254.74
1570.57;34;103;2;966.52;276.33
1573.66;24;60;0;933.1;228.7
1580.44;30;92;1;976.39;264.78
1580.62;34;103;2;976.57;286.38
1583.66;24;60;0;943.1;238.7
1590.48;30;92;1;974.34;274.83
1593.7;24;60;0;977.56;248.75
1595.39;0;311;2;916.31;245.77
1600.5;30;92;1;984.36;284.85
1603.75;24;60;0;963.19;258.79
1605.43;0;311;2;964.87;255.82
1613.79;24;60;0;973.23;268.84
1615.01;4;25;1;913.88;249.18
1615.48;0;311;2;974.92;265.86
1625.02;4;25;1;945.93;259.18
1625.52;0;311;2;946.44;275.9
1629.35;25;6;0;928.22;239.66
1635.06;4;25;1;955.98;269.22
1635.56;0;311;2;956.47;285.94
1639.39;25;6;0;938.26;249.71
1645.11;4;25;1;966.02;279.27
1649.41;25;6;0;948.28;259.72
1649.87;41;289;2;904.02;225.14
1655.15;4;25;1;976.06;289.31
1659.42;25;6;0;958.29;269.73
1659.89;41;289;2;914.03;235.15
1669.46;2;297;1;968.33;219.19
1669.93;41;289;2;924.08;245.19
1673.64;37;204;0;845.14;198.79
1679.49;2;297;1;978.36;229.22
1679.97;41;289;2;934.12;255.24
1683.71;37;204;0;937.86;208.85
1689.54;2;297;1;943.68;239.27
1690.01;41;289;2;944.15;265.27
1693.75;37;204;0;947.9;218.9
1699.58;2;297;1;953.73;249.31
1700.05;41;289;2;954.19;275.31
1703.79;37;204;0;957.93;228.93
1709.61;2;297;1;963.76;259.35
1710.09;41;289;2;964.24;285.36
1713.83;37;204;0;967.98;238.98
1723.87;37;204;0;957.58;249.01
1724.75;22;111;1;896.24;189.2
1724.75;17;183;2;896.24;204.31
1733.91;37;204;0;967.62;259.06
1734.79;22;111;1;906.29;199.25
1734.79;17;183;2;906.29;214.35
1743.96;37;204;0;977.66;269.1
1744.84;22;111;1;916.33;209.29
1744.84;17;183;2;916.33;224.39
1754;37;204;0;987.71;279.15
1754.84;22;111;1;926.33;219.3
1754.84;17;183;2;926.33;234.4
1764.88;22;111;1;936.38;229.34
1764.88;17;183;2;936.38;244.44
1769.01;7;34;0;940.51;219.64
1774.93;22;111;1;946.42;239.38
1774.93;17;183;2;946.42;254.49
1779.14;7;34;0;950.63;229.76
1784.97;22;111;1;956.47;249.43
1784.97;17;183;2;956.47;264.53
1789.18;7;34;0;960.68;239.81
1795.02;22;111;1;966.51;259.47
1799.23;7;34;0;913.96;249.85
1799.46;15;59;2;906.1;204
1805.05;22;111;1;976.54;269.5
1809.24;7;34;0;923.97;259.86
1809.47;15;59;2;924.2;214.01
1819.29;7;34;0;934.02;269.91
1819.47;15;59;2;934.21;224.02
1820.4;26;85;1;925.05;219.86
1829.52;15;59;2;936.16;234.06
1830.42;26;85;1;935.06;229.87
1833.62;44;159;0;883.68;164.12
1839.56;15;59;2;946.21;244.11
1840.46;26;85;1;945.11;239.91
1843.7;44;159;0;893.76;174.2
1850.51;26;85;1;955.15;249.96
1853.75;44;159;0;895.6;184.24
1854.91;34;260;2;904.97;219.31
1864.96;34;260;2;915.01;229.36
1865.94;30;53;1;916;196.44
1868.18;24;245;0;974.82;254.34
1875;34;260;2;925.05;239.4
1875.99;30;53;1;926.04;206.48
1878.24;24;245;0;984.88;264.4
1885.04;34;260;2;935.1;249.44
1886.03;30;53;1;936.08;216.52
1888.28;24;245;0;994.93;274.45
1895.09;34;260;2;945.14;259.49
1896.04;30;53;1;946.1;226.54
1898.33;24;245;0;1004.97;284.49
1906.09;30;53;1;956.14;236.58
1908.37;24;245;0;1013.01;294.53
1909.67;0;113;2;951.52;219.62
1916.13;30;53;1;966.19;246.63
1918.42;24;245;0;1023.06;304.58
1919.7;0;113;2;961.56;229.65
1928.44;24;245;0;1033.09;314.61
1929.75;0;113;2;971.6;239.7
1931;4;77;1;930.15;221.34
1939.79;0;113;2;981.64;249.74
1941.04;4;77;1;940.2;231.38
1943.78;25;39;0;942.94;229.91
1951.08;4;77;1;992.94;241.43
1953.83;25;39;0;952.99;239.95
1954.5;41;324;2;919.81;199.62
1961.13;4;77;1;960.29;251.47
1963.87;25;39;0;931.22;250
1964.54;41;324;2;929.85;209.66
1971.17;4;77;1;970.33;261.52
1973.92;25;39;0;973.08;260.04
1974.59;41;324;2;941.93;219.7
1981.22;4;77;1;980.38;271.56
1983.96;25;39;0;951.3;270.09
1984.63;41;324;2;949.94;229.75
1994.01;25;39;0;961.35;280.13
1994.68;41;324;2;959.99;239.79
1996.04;2;143;1;823.14;155.53
2004.05;25;39;0;971.39;290.17
2004.72;41;324;2;970.03;249.84
2006.43;2;143;1;833.53;165.92
2016.46;2;143;1;843.57;175.96
2018.44;37;67;0;927.84;229.22
2019.29;17;9;2;864.7;209.78
2026.51;2;143;1;853.61;186
2028.46;37;67;0;937.86;239.23
2029.65;17;9;2;932.27;220.14
2036.55;2;143;1;863.66;196.04
2038.49;37;67;0;1003.8;249.26
2039.69;17;9;2;942.32;230.18
2048.52;37;67;0;1013.83;259.29
2049.74;17;9;2;952.36;240.23
2051.06;22;121;1;820.89;144.93
2058.57;37;67;0;1023.88;269.34
2059.78;17;9;2;905.2;250.27
2061.11;22;121;1;830.93;154.98
2068.61;37;67;0;978.01;279.38
2069.83;17;9;2;915.24;260.32
2071.15;22;121;1;840.97;165.02
2078.64;37;67;0;988.04;289.41
2079.87;17;9;2;925.29;270.36
2081.16;22;121;1;850.98;175.02
2088.68;37;67;0;998.08;299.45
2094.82;15;22;2;940.24;239.86
2096.11;26;216;1;857.39;144.98
2102.92;7;87;0;930.02;259.17
2104.93;15;22;2;950.34;249.97
2106.15;26;216;1;867.44;155.02
2112.96;7;87;0;940.07;269.21
2114.97;15;22;2;942.08;260.01
2116.17;26;216;1;877.45;165.04
2123.01;7;87;0;950.11;279.26
2125;15;22;2;952.11;270.04
2126.21;26;216;1;896.03;175.08
2133.01;7;87;0;960.12;289.26
2136.22;26;216;1;906.05;185.1
2139.36;34;119;2;900.65;219.61
2148.3;44;209;0;918.12;249.93
2149.39;34;119;2;910.67;229.64
2151.39;30;249;1;857.15;134.88
2158.34;44;209;0;928.17;259.97
2159.4;34;119;2;920.69;239.65
2161.4;30;249;1;867.16;144.89
2168.39;44;209;0;995.49;270.02
2169.44;34;119;2;930.72;249.69
2171.43;30;249;1;877.19;154.92
2178.39;44;209;0;1005.5;280.02
2179.45;34;119;2;940.73;259.7
2181.45;30;249;1;887.21;164.94
2188.44;44;209;0;1015.54;290.07
2189.48;34;119;2;950.76;269.73
2191.48;30;249;1;897.24;174.97
2198.47;44;209;0;1025.58;300.1
2199.49;34;119;2;960.77;279.74
2206.66;4;186;1;857.05;135.47
2209.51;34;119;2;970.79;289.76
2212.91;24;230;0;974.19;238.95
2216.71;4;186;1;867.09;145.51
2223.04;24;230;0;984.33;249.08
2224.84;0;228;2;930.6;250.21
2226.75;4;186;1;881.79;155.55
2233.09;24;230;0;994.37;259.13
2235.06;0;228;2;944.68;260.42
2236.79;4;186;1;887.18;165.6
2243.13;24;230;0;1004.42;269.17
2245.07;0;228;2;954.69;270.43
2246.84;4;186;1;897.22;175.64
2253.14;24;230;0;1014.42;279.18
2255.11;0;228;2;964.74;280.48
2256.88;4;186;1;907.27;185.69
2265.16;0;228;2;974.78;290.52
2267.35;25;178;0;922.39;208.74
2270.94;22;271;1;846.2;147.88
2275.2;0;228;2;1036.48;300.57
2277.39;25;178;0;961.73;218.78
2281.35;22;271;1;856.61;158.3
2285.24;0;228;2;994.87;310.61
2287.43;25;178;0;971.78;228.82
2291.39;22;271;1;866.65;168.34
2297.48;25;178;0;952.52;238.87
2300.7;41;172;2;1006.46;260.96
2301.44;22;271;1;876.7;178.38
2307.52;25;178;0;962.56;248.91
2310.83;41;172;2;1016.59;271.09
2311.48;22;271;1;886.74;188.43
2317.57;25;178;0;972.61;258.95
2320.87;41;172;2;1005.22;281.13
2326.49;2;74;1;1229.11;521.39
2327.57;25;178;0;982.61;268.96
2330.92;41;172;2;1015.26;291.18
2336.6;2;74;1;1239.22;531.51
2340.96;41;172;2;1025.31;301.22
2341.75;37;162;0;952.07;218.7
2346.64;2;74;1;1249.27;541.55
2351.01;41;172;2;1035.35;311.27
2351.81;37;162;0;962.13;228.76
2356.69;2;74;1;1266.09;551.6
2361.83;37;162;0;937.09;238.78
2365.76;17;325;2;976.08;260.79
2366.73;2;74;1;1269.36;561.64
2376.02;17;325;2;986.33;271.04
2376.78;2;74;1;1279.4;571.68
2377.2;7;259;0;902.35;195.71
2386.06;17;325;2;1020.22;281.09
2386.82;2;74;1;1289.45;581.73
2387.34;7;259;0;912.48;205.84
2396.11;17;325;2;1030.27;291.13
2396.86;2;74;1;1299.49;591.77
2397.38;7;259;0;922.53;215.89
2406.15;17;325;2;1040.31;301.18
2411.19;26;158;1;936.34;229.7
2412.23;44;38;0;891.79;189.14
2416.19;17;325;2;1050.36;311.22
2421.23;26;158;1;946.38;239.74
2422.28;44;38;0;901.84;199.19
2426.19;17;325;2;1060.36;321.22
2431.24;26;158;1;956.38;249.74
2432.31;44;38;0;911.87;209.22
2441.28;26;158;1;966.42;259.78
2441.36;15;166;2;991.1;281.92
2442.32;44;38;0;921.88;219.23
2451.29;26;158;1;976.44;269.8
2451.44;15;166;2;1026.7;291.99
2452.34;44;38;0;931.9;229.25
2461.34;26;158;1;986.48;279.85
2461.48;15;166;2;1011.22;302.03
2462.38;44;38;0;941.94;239.29
2471.52;15;166;2;1021.25;312.07
2476.48;30;326;1;940.94;239.64
2477.73;24;42;0;928.35;210.34
2481.56;15;166;2;1031.29;322.11
2486.53;30;326;1;966.08;249.69
2487.8;24;42;0;938.42;220.41
2491.6;15;166;2;1041.34;332.16
2496.57;30;326;1;961.03;259.73
2497.85;24;42;0;948.47;230.45
2506.61;30;326;1;971.07;269.78
2506.66;34;145;2;971.11;269.82
2507.87;24;42;0;958.49;240.48
2516.63;30;326;1;981.08;279.79
2517.01;34;145;2;981.47;280.17
2522.52;25;127;0;908.68;180.68
2527.06;34;145;2;991.51;290.22
2531.56;4;76;1;982.18;230.08
2532.6;25;127;0;918.76;190.76
2537.1;34;145;2;1001.56;300.26
2541.59;4;76;1;992.21;240.11
2542.65;25;127;0;928.81;200.81
2547.13;34;145;2;1011.58;310.29
2551.63;4;76;1;956.17;250.15
2552.69;25;127;0;938.85;210.85
2561.67;4;76;1;966.22;260.19
2561.76;0;328;2;947.92;250.89
2562.73;25;127;0;948.9;220.9
2571.71;4;76;1;976.26;270.23
2571.8;0;328;2;971.25;260.93
2577.16;37;31;0;887.11;215.29
2581.76;4;76;1;986.3;280.28
2581.85;0;328;2;981.3;270.97
2587.22;37;31;0;897.17;225.34
2591.8;4;76;1;996.34;290.32
2591.89;0;328;2;991.34;281.02
2597.26;37;31;0;927.76;235.39
2601.93;0;328;2;1001.39;291.06
2606.76;22;101;1;971.16;250.03
2607.31;37;31;0;937.8;245.43
2616.64;41;305;2;947.14;230.54
2616.86;22;101;1;981.26;260.12
2617.35;37;31;0;947.85;255.48
2626.69;41;305;2;957.18;240.58
2626.9;22;101;1;1013.06;270.17
2627.4;37;31;0;957.89;265.52
2636.7;41;305;2;967.2;250.6
2636.95;22;101;1;1001.34;280.21
2641.98;7;184;0;932.32;244.55
2646.75;41;305;2;977.24;260.64
2646.99;22;101;1;1011.39;290.26
2652.02;7;184;0;961.97;254.6
2656.78;41;305;2;987.28;270.68
2657.03;22;101;1;1021.43;300.3
2662.06;7;184;0;972.01;264.64
2672.04;2;68;1;962.38;240.75
2672.08;7;184;0;962.42;274.66
2681.59;17;196;2;967.72;230.11
2682.08;2;68;1;972.42;250.8
2686.7;44;270;0;931.82;234.32
2691.81;17;196;2;977.94;240.33
2692.12;2;68;1;982.47;260.84
2696.72;44;270;0;941.83;244.34
2701.84;17;196;2;987.96;250.36
2702.14;2;68;1;992.48;270.85
2706.76;44;270;0;951.88;254.38
2711.89;17;196;2;998.01;260.4
2716.51;26;301;1;961.63;239.99
2716.81;44;270;0;961.92;264.42
2721.91;17;196;2;1008.03;270.43
2726.54;26;301;1;971.65;250.01
2731.62;24;194;0;926.53;224.61
2731.96;17;196;2;1018.08;280.47
2736.58;26;301;1;947.35;260.06
2741.78;24;194;0;936.69;234.77
2741.96;17;196;2;1028.08;290.48
2746.6;26;301;1;957.37;270.08
2751.78;24;194;0;946.69;244.77
2756.24;15;316;2;951.14;249.22
2756.65;26;301;1;967.42;280.12
2761.82;24;194;0;956.73;254.81
2766.45;15;316;2;977.22;259.44
2766.69;26;301;1;977.46;290.17
2771.86;24;194;0;966.77;264.85
2776.49;15;316;2;987.26;269.48
2776.72;26;301;1;987.5;300.2
2786.27;25;126;0;976.76;243.58
2786.54;15;316;2;997.31;279.52
2791.55;30;82;1;982.04;274.88
2796.32;25;126;0;986.81;253.63
2801.59;30;82;1;996.5;284.92
2806.33;25;126;0;996.82;263.64
2811.63;30;82;1;1006.54;294.96
2816.36;25;126;0;1006.85;273.67
2826.38;25;126;0;1016.87;283.69
3104.28;34;192;0;1263.77;63.67
3114.46;34;192;0;1273.96;73.86
3124.5;34;192;0;1314.99;83.9
